{"producer":{"name":"Blender","version":"2.92.0","exporter_version":"2.80.1","file":"femme.babylon"},
"autoClear":true,"clearColor":[0.0509,0.0509,0.0509],"gravity":[0,-9.81,0],
"materials":[{"name":"kachujin_MAT","id":"kachujin_MAT","customType":"BABYLON.PBRMaterial","backFaceCulling":true,"checkReadyOnlyOnce":false,"maxSimultaneousLights":4,"environmentIntensity":1,"roughness":0.5528,"alpha":1,"transparencyMode":0,"alphaCutOff":0.4,"metallic":0.5, 
"albedoTexture":{"name":"Kachujin_diffuse.png","level":1,"hasAlpha":true,"coordinatesMode":0,"uOffset":0,"vOffset":0,"uScale":1,"vScale":1,"uAng":0,"vAng":0,"wAng":0,"wrapU":1,"wrapV":1,"coordinatesIndex":0},"useAlphaFromAlbedoTexture":true, 
"reflectivityTexture":{"name":"Kachujin_specular.png","level":1,"hasAlpha":true,"coordinatesMode":0,"uOffset":0,"vOffset":0,"uScale":1,"vScale":1,"uAng":0,"vAng":0,"wAng":0,"wrapU":1,"wrapV":1,"coordinatesIndex":0}, 
"bumpTexture":{"name":"Kachujin_normal.png","level":1,"hasAlpha":true,"coordinatesMode":0,"uOffset":0,"vOffset":0,"uScale":1,"vScale":1,"uAng":0,"vAng":0,"wAng":0,"wrapU":1,"wrapV":1,"coordinatesIndex":0}}],
"multiMaterials":[],
"skeletons":[{"name":"femme","id":0,"dimensionsAtRest":[196.3085,226.9931,37.6494],"bones":[
{"name":"Hips","index":0,"matrix":[1,0,0,0,0,1,0,0,0,0,-1,0,0.0729,114.0494,-1.043,1],"rest":[1,0,0,0,0,1,0,0,0,0,-1,0,0.0421,114.0532,-0.3112,1],"parentBoneIndex":-1,"length":12.7599
,"animation":{"dataType":3,"framePerSecond":30,"keys":[
{"frame":1,"values":[1,0,0,0,0,1,0,0,0,0,-1,0,0.0729,114.0494,-1.043,1]},
{"frame":2,"values":[1,0,0,0,0,1,0,0,0,0,-1,0,0.0729,114.0494,-1.043,1]},
{"frame":11,"values":[0.509,-0.0272,-0.8603,0,-0.0655,0.9954,-0.0702,0,-0.8583,-0.0922,-0.5049,0,-0.4355,100.7924,-0.3596,1]},
{"frame":12,"values":[0.506,-0.024,-0.8622,0,-0.0675,0.9954,-0.0673,0,-0.8599,-0.0922,-0.502,0,-0.4077,100.7819,-0.3335,1]},
{"frame":13,"values":[0.5006,-0.0199,-0.8654,0,-0.0698,0.9956,-0.0633,0,-0.8628,-0.0921,-0.497,0,-0.3843,100.7714,-0.3086,1]},
{"frame":14,"values":[0.4923,-0.0152,-0.8703,0,-0.072,0.9957,-0.0581,0,-0.8674,-0.0913,-0.4891,0,-0.3661,100.7458,-0.3072,1]},
{"frame":15,"values":[0.4802,-0.0099,-0.8771,0,-0.0739,0.9959,-0.0518,0,-0.874,-0.0897,-0.4775,0,-0.3547,100.6832,-0.3661,1]},
{"frame":16,"values":[0.464,-0.0042,-0.8858,0,-0.0752,0.9962,-0.0441,0,-0.8827,-0.087,-0.4619,0,-0.3555,100.5506,-0.5229,1]},
{"frame":17,"values":[0.4443,0.0017,-0.8959,0,-0.0751,0.9966,-0.0353,0,-0.8927,-0.083,-0.4429,0,-0.3725,100.3103,-0.8188,1]},
{"frame":18,"values":[0.4221,0.0074,-0.9065,0,-0.0736,0.9969,-0.0261,0,-0.9035,-0.0777,-0.4214,0,-0.4115,99.9451,-1.3001,1]},
{"frame":19,"values":[0.3989,0.0129,-0.9169,0,-0.0709,0.9973,-0.0169,0,-0.9143,-0.0717,-0.3987,0,-0.4799,99.4698,-1.9992,1]},
{"frame":20,"values":[0.3771,0.0177,-0.926,0,-0.0665,0.9978,-0.008,0,-0.9238,-0.0646,-0.3775,0,-0.5842,98.9149,-2.9186,1]},
{"frame":21,"values":[0.3589,0.0215,-0.9331,0,-0.06,0.9982,-0.0001,0,-0.9314,-0.056,-0.3595,0,-0.7374,98.3233,-4.0292,1]},
{"frame":22,"values":[0.3474,0.0227,-0.9374,0,-0.051,0.9987,0.0053,0,-0.9363,-0.046,-0.3481,0,-0.9541,97.7528,-5.2773,1]},
{"frame":23,"values":[0.349,0.0185,-0.9369,0,-0.039,0.9992,0.0052,0,-0.9363,-0.0348,-0.3495,0,-1.2395,97.2692,-6.5828,1]},
{"frame":24,"values":[0.3712,0.006,-0.9285,0,-0.0243,0.9997,-0.0032,0,-0.9282,-0.0237,-0.3713,0,-1.5845,96.9352,-7.8442,1]},
{"frame":25,"values":[0.42,-0.0163,-0.9074,0,-0.0073,0.9997,-0.0214,0,-0.9075,-0.0156,-0.4198,0,-1.9824,96.8047,-8.9637,1]},
{"frame":26,"values":[0.4956,-0.0485,-0.8672,0,0.0122,0.9987,-0.0489,0,-0.8685,-0.0137,-0.4955,0,-2.4453,96.8846,-9.8663,1]},
{"frame":27,"values":[0.5919,-0.0884,-0.8011,0,0.0353,0.9959,-0.0839,0,-0.8052,-0.0214,-0.5926,0,-2.9913,97.1944,-10.514,1]},
{"frame":28,"values":[0.6996,-0.1314,-0.7024,0,0.0621,0.9904,-0.1234,0,-0.7119,-0.0427,-0.701,0,-3.6311,97.7666,-10.8723,1]},
{"frame":29,"values":[0.8068,-0.1685,-0.5664,0,0.0902,0.9824,-0.1638,0,-0.584,-0.0811,-0.8077,0,-4.3166,98.6492,-10.9438,1]},
{"frame":30,"values":[0.8958,-0.1891,-0.4023,0,0.1143,0.9726,-0.2027,0,-0.4296,-0.1355,-0.8928,0,-4.927,99.7583,-10.7648,1]},
{"frame":31,"values":[0.9532,-0.1821,-0.2414,0,0.1249,0.9641,-0.2343,0,-0.2754,-0.1932,-0.9417,0,-5.2744,100.8172,-10.4768,1]},
{"frame":32,"values":[0.9823,-0.148,-0.1151,0,0.1151,0.9607,-0.2527,0,-0.148,-0.2349,-0.9607,0,-5.3332,101.556,-10.2441,1]},
{"frame":33,"values":[0.9933,-0.1097,-0.0368,0,0.0965,0.9609,-0.2595,0,-0.0639,-0.2542,-0.965,0,-5.4021,101.937,-10.2466,1]},
{"frame":34,"values":[0.9959,-0.0886,0.0199,0,0.0907,0.9606,-0.2625,0,-0.0041,-0.2633,-0.9647,0,-5.6926,102.0019,-10.6159,1]},
{"frame":35,"values":[0.9935,-0.0872,0.0737,0,0.1038,0.9587,-0.2647,0,0.0476,-0.2706,-0.9615,0,-6.1056,101.717,-11.1872,1]},
{"frame":36,"values":[0.9891,-0.1016,0.1069,0,0.1267,0.9565,-0.2628,0,0.0755,-0.2734,-0.9589,0,-6.4241,101.2199,-11.6753,1]},
{"frame":37,"values":[0.9879,-0.1179,0.1011,0,0.1406,0.9557,-0.2586,0,0.0662,-0.2697,-0.9607,0,-6.516,100.6434,-11.936,1]},
{"frame":38,"values":[0.989,-0.1319,0.0675,0,0.1451,0.9544,-0.261,0,0.03,-0.2679,-0.963,0,-6.355,100.0766,-12.0088,1]},
{"frame":39,"values":[0.9896,-0.1427,0.0156,0,0.1417,0.9529,-0.268,0,-0.0234,-0.2675,-0.9633,0,-5.9639,99.6001,-11.8916,1]},
{"frame":40,"values":[0.9874,-0.1502,-0.0506,0,0.1305,0.9516,-0.2781,0,-0.0899,-0.268,-0.9592,0,-5.3926,99.2944,-11.637,1]},
{"frame":41,"values":[0.9803,-0.1542,-0.1234,0,0.1133,0.9509,-0.288,0,-0.1618,-0.2684,-0.9496,0,-4.7282,99.176,-11.2468,1]},
{"frame":42,"values":[0.9673,-0.1565,-0.1995,0,0.0928,0.9507,-0.2959,0,-0.236,-0.2677,-0.9341,0,-4.068,99.2338,-10.7431,1]},
{"frame":43,"values":[0.9476,-0.1585,-0.2774,0,0.0714,0.9514,-0.2997,0,-0.3115,-0.2641,-0.9128,0,-3.4673,99.4411,-10.2099,1]},
{"frame":44,"values":[0.922,-0.159,-0.353,0,0.0506,0.9534,-0.2973,0,-0.3838,-0.2562,-0.8871,0,-2.9583,99.6808,-9.6494,1]},
{"frame":45,"values":[0.8922,-0.1578,-0.4232,0,0.0317,0.9566,-0.2897,0,-0.4505,-0.2451,-0.8585,0,-2.5493,99.9182,-9.0402,1]},
{"frame":46,"values":[0.859,-0.1551,-0.4879,0,0.0153,0.9603,-0.2784,0,-0.5118,-0.2317,-0.8273,0,-2.2491,100.1622,-8.3781,1]},
{"frame":47,"values":[0.8229,-0.1507,-0.5479,0,0.0009,0.9645,-0.2641,0,-0.5682,-0.2168,-0.7938,0,-2.0472,100.3766,-7.666,1]},
{"frame":48,"values":[0.7839,-0.1442,-0.6039,0,-0.0122,0.9689,-0.2472,0,-0.6207,-0.2012,-0.7578,0,-1.889,100.6012,-6.9829,1]},
{"frame":49,"values":[0.7437,-0.1357,-0.6546,0,-0.024,0.9731,-0.2291,0,-0.6681,-0.1861,-0.7204,0,-1.7447,100.82,-6.3889,1]},
{"frame":50,"values":[0.7047,-0.1265,-0.6981,0,-0.0337,0.9769,-0.211,0,-0.7087,-0.1723,-0.6842,0,-1.6528,101.0003,-5.8617,1]},
{"frame":51,"values":[0.6693,-0.117,-0.7337,0,-0.0415,0.9801,-0.1942,0,-0.7418,-0.1605,-0.6511,0,-1.5948,101.0924,-5.3513,1]},
{"frame":52,"values":[0.6395,-0.1077,-0.7612,0,-0.0485,0.9825,-0.1798,0,-0.7673,-0.1519,-0.623,0,-1.5191,101.1124,-4.8525,1]},
{"frame":53,"values":[0.6141,-0.0985,-0.783,0,-0.0548,0.9845,-0.1669,0,-0.7873,-0.1454,-0.5992,0,-1.4344,101.1014,-4.371,1]},
{"frame":54,"values":[0.5925,-0.09,-0.8005,0,-0.0598,0.9861,-0.1551,0,-0.8033,-0.1398,-0.5789,0,-1.3501,101.0643,-3.909,1]},
{"frame":55,"values":[0.5747,-0.0825,-0.8142,0,-0.0635,0.9874,-0.1448,0,-0.8159,-0.1349,-0.5622,0,-1.25,101.0045,-3.4656,1]},
{"frame":56,"values":[0.5604,-0.0755,-0.8248,0,-0.0665,0.9885,-0.1356,0,-0.8256,-0.1309,-0.5489,0,-1.1286,100.9285,-3.0577,1]},
{"frame":57,"values":[0.5484,-0.0693,-0.8333,0,-0.0687,0.9895,-0.1275,0,-0.8334,-0.1272,-0.5378,0,-1.0048,100.8382,-2.686,1]},
{"frame":58,"values":[0.5376,-0.0642,-0.8407,0,-0.07,0.9903,-0.1203,0,-0.8403,-0.1235,-0.5279,0,-0.8944,100.7541,-2.3511,1]},
{"frame":59,"values":[0.5268,-0.0592,-0.8479,0,-0.0711,0.991,-0.1133,0,-0.847,-0.12,-0.5179,0,-0.8513,100.6748,-1.994,1]},
{"frame":60,"values":[0.5191,-0.0547,-0.853,0,-0.0709,0.9917,-0.1068,0,-0.8518,-0.116,-0.5109,0,-0.8297,100.6471,-1.6986,1]},
{"frame":61,"values":[0.5144,-0.0507,-0.856,0,-0.07,0.9924,-0.1009,0,-0.8547,-0.1118,-0.507,0,-0.8203,100.6529,-1.456,1]},
{"frame":62,"values":[0.5116,-0.0468,-0.8579,0,-0.0688,0.9931,-0.0952,0,-0.8564,-0.1078,-0.5049,0,-0.8168,100.6801,-1.251,1]},
{"frame":63,"values":[0.5096,-0.0427,-0.8593,0,-0.068,0.9936,-0.0897,0,-0.8577,-0.1042,-0.5035,0,-0.8055,100.7213,-1.075,1]},
{"frame":64,"values":[0.5078,-0.0388,-0.8606,0,-0.0676,0.9941,-0.0847,0,-0.8588,-0.1012,-0.5022,0,-0.785,100.769,-0.928,1]},
{"frame":65,"values":[0.5059,-0.0356,-0.8619,0,-0.0673,0.9945,-0.0806,0,-0.86,-0.0988,-0.5007,0,-0.757,100.8091,-0.8065,1]},
{"frame":66,"values":[0.5046,-0.0333,-0.8627,0,-0.0672,0.9947,-0.0776,0,-0.8608,-0.0971,-0.4997,0,-0.7175,100.8353,-0.7077,1]},
{"frame":81,"values":[1,0,0,0,0,1,0,0,0,0,-1,0,0.0729,114.0494,-1.043,1]},
{"frame":82,"values":[1,0,0,0,0,1,0,0,0,0,-1,0,0.0729,114.0494,-1.043,1]},
{"frame":91,"values":[0.9996,-0.0239,-0.0157,0,0.0242,0.9996,0.016,0,-0.0153,0.0164,-0.9997,0,0.044,113.3623,-1.02,1]},
{"frame":92,"values":[0.9996,-0.0267,-0.0095,0,0.0268,0.9995,0.0183,0,-0.0091,0.0185,-0.9998,0,0.0519,113.3211,-1.2335,1]},
{"frame":93,"values":[0.9996,-0.0283,-0.0049,0,0.0284,0.9994,0.0215,0,-0.0043,0.0216,-0.9998,0,0.0647,113.2144,-1.4822,1]},
{"frame":94,"values":[0.9996,-0.0291,-0.0023,0,0.0291,0.9993,0.0252,0,-0.0016,0.0253,-0.9997,0,0.0538,113.1645,-1.7386,1]},
{"frame":95,"values":[0.9996,-0.0298,-0.0013,0,0.0299,0.9991,0.029,0,-0.0005,0.029,-0.9996,0,0.0111,113.315,-1.9745,1]},
{"frame":96,"values":[0.9995,-0.0313,-0.0012,0,0.0313,0.999,0.0326,0,-0.0002,0.0326,-0.9995,0,-0.0212,113.782,-2.2143,1]},
{"frame":97,"values":[0.9995,-0.0326,-0.0017,0,0.0326,0.9988,0.0359,0,-0.0006,0.0359,-0.9994,0,-0.0357,114.5079,-2.4775,1]},
{"frame":98,"values":[0.9994,-0.0334,-0.0028,0,0.0335,0.9987,0.0389,0,-0.0015,0.039,-0.9992,0,-0.0683,115.2884,-2.7254,1]},
{"frame":99,"values":[0.9994,-0.0343,-0.0043,0,0.0344,0.9985,0.0417,0,-0.0029,0.0418,-0.9991,0,-0.1464,115.9866,-2.9314,1]},
{"frame":100,"values":[0.9994,-0.0353,-0.0061,0,0.0356,0.9984,0.0435,0,-0.0046,0.0437,-0.999,0,-0.2271,116.5083,-3.0836,1]},
{"frame":101,"values":[0.9993,-0.036,-0.008,0,0.0363,0.9984,0.0424,0,-0.0064,0.0427,-0.9991,0,-0.2662,116.8423,-3.2257,1]},
{"frame":102,"values":[0.9993,-0.0351,-0.0099,0,0.0355,0.9987,0.0372,0,-0.0086,0.0375,-0.9993,0,-0.2675,116.8454,-3.399,1]},
{"frame":103,"values":[0.9994,-0.0324,-0.0119,0,0.0328,0.9991,0.0284,0,-0.0109,0.0288,-0.9995,0,-0.2547,116.2108,-3.5672,1]},
{"frame":104,"values":[0.9995,-0.0287,-0.0135,0,0.0289,0.9994,0.018,0,-0.0129,0.0184,-0.9997,0,-0.2454,114.9391,-3.6695,1]},
{"frame":105,"values":[0.9996,-0.0249,-0.0135,0,0.025,0.9997,0.0075,0,-0.0133,0.0078,-0.9999,0,-0.2366,113.5446,-3.6501,1]},
{"frame":106,"values":[0.9997,-0.0227,-0.008,0,0.0227,0.9997,-0.0014,0,-0.008,-0.0012,-1,0,-0.1811,112.6049,-3.4326,1]},
{"frame":107,"values":[0.9997,-0.023,0.0101,0,0.0231,0.9997,-0.0046,0,0.01,-0.0049,-0.9999,0,-0.116,112.3988,-3.0261,1]},
{"frame":108,"values":[0.9986,-0.0266,0.0449,0,0.0266,0.9996,0.0012,0,0.0449,0,-0.999,0,-0.084,112.8375,-2.8666,1]},
{"frame":109,"values":[0.9956,-0.0303,0.0886,0,0.0292,0.9995,0.0136,0,0.089,0.0109,-0.996,0,-0.0043,113.6755,-3.0147,1]},
{"frame":110,"values":[0.9914,-0.0283,0.1276,0,0.0254,0.9994,0.0243,0,0.1282,0.0209,-0.9915,0,0.0682,114.5659,-3.1357,1]},
{"frame":111,"values":[0.9873,-0.0231,0.1575,0,0.0187,0.9994,0.0291,0,0.158,0.0258,-0.9871,0,0.1038,115.4371,-3.2218,1]},
{"frame":112,"values":[0.983,-0.0157,0.1828,0,0.0104,0.9995,0.0299,0,0.1832,0.0275,-0.9827,0,0.1348,116.1368,-3.293,1]},
{"frame":113,"values":[0.9783,-0.0065,0.2069,0,0.0003,0.9996,0.0297,0,0.207,0.029,-0.9779,0,0.1618,116.5717,-3.3332,1]},
{"frame":114,"values":[0.974,0.0037,0.2265,0,-0.0106,0.9995,0.0289,0,0.2263,0.0306,-0.9736,0,0.1642,116.6933,-3.3378,1]},
{"frame":115,"values":[0.9713,0.0126,0.2374,0,-0.0195,0.9995,0.0266,0,0.2369,0.0305,-0.971,0,0.1149,116.3635,-3.3477,1]},
{"frame":116,"values":[0.9708,0.0185,0.2391,0,-0.0245,0.9995,0.0223,0,0.2385,0.0275,-0.9707,0,-0.0329,115.5813,-3.3537,1]},
{"frame":117,"values":[0.9726,0.0202,0.2315,0,-0.0249,0.9995,0.017,0,0.2311,0.0223,-0.9727,0,-0.2466,114.6004,-3.2723,1]},
{"frame":118,"values":[0.9774,0.0188,0.2105,0,-0.0222,0.9997,0.0135,0,0.2102,0.0179,-0.9775,0,-0.4775,113.6481,-3.0495,1]},
{"frame":119,"values":[0.9851,0.0143,0.1714,0,-0.0171,0.9997,0.015,0,0.1711,0.0177,-0.9851,0,-0.7473,112.9441,-2.7488,1]},
{"frame":120,"values":[0.9928,0.0078,0.1194,0,-0.0105,0.9997,0.022,0,0.1192,0.0231,-0.9926,0,-1.0312,112.6938,-2.5909,1]},
{"frame":121,"values":[0.9975,0.0034,0.0703,0,-0.0057,0.9995,0.0312,0,0.0702,0.0315,-0.997,0,-1.2516,112.9109,-2.6968,1]},
{"frame":122,"values":[0.9993,0.0016,0.0366,0,-0.003,0.9993,0.0383,0,0.0365,0.0384,-0.9986,0,-1.3948,113.5445,-2.884,1]},
{"frame":123,"values":[0.9999,-0.0006,0.0162,0,0,0.9992,0.0409,0,0.0163,0.0409,-0.999,0,-1.4954,114.4094,-3.0069,1]},
{"frame":124,"values":[1,-0.0055,-0.0015,0,0.0056,0.9992,0.0396,0,-0.0013,0.0396,-0.9992,0,-1.5517,115.2703,-3.0872,1]},
{"frame":125,"values":[0.9996,-0.0127,-0.0237,0,0.0136,0.9992,0.037,0,-0.0232,0.0373,-0.999,0,-1.5441,115.9089,-3.1047,1]},
{"frame":126,"values":[0.9986,-0.0213,-0.0487,0,0.023,0.9991,0.0354,0,-0.0479,0.0365,-0.9982,0,-1.4764,116.2118,-3.077,1]},
{"frame":127,"values":[0.997,-0.0307,-0.0711,0,0.0333,0.9988,0.0347,0,-0.0699,0.0369,-0.9969,0,-1.3691,116.1422,-3.0378,1]},
{"frame":128,"values":[0.9954,-0.0393,-0.0879,0,0.0423,0.9986,0.0327,0,-0.0864,0.0362,-0.9956,0,-1.2516,115.6259,-2.9867,1]},
{"frame":129,"values":[0.994,-0.0454,-0.1,0,0.0484,0.9984,0.0283,0,-0.0986,0.033,-0.9946,0,-1.1004,114.7663,-2.9189,1]},
{"frame":130,"values":[0.9926,-0.0504,-0.1107,0,0.0533,0.9983,0.023,0,-0.1094,0.0287,-0.9936,0,-0.8733,113.8944,-2.7962,1]},
{"frame":131,"values":[0.991,-0.0532,-0.1225,0,0.0561,0.9982,0.0205,0,-0.1212,0.0272,-0.9922,0,-0.6461,113.2115,-2.6236,1]},
{"frame":132,"values":[0.9893,-0.0532,-0.1356,0,0.0568,0.9981,0.0227,0,-0.1341,0.0302,-0.9905,0,-0.4092,112.8765,-2.4781,1]},
{"frame":133,"values":[0.9874,-0.0538,-0.1486,0,0.0584,0.9979,0.027,0,-0.1469,0.0354,-0.9885,0,-0.1051,112.9563,-2.4038,1]},
{"frame":134,"values":[0.9851,-0.0581,-0.1617,0,0.0637,0.9975,0.0296,0,-0.1596,0.0395,-0.9864,0,0.2091,113.4088,-2.3054,1]},
{"frame":135,"values":[0.9826,-0.0645,-0.1742,0,0.0706,0.9971,0.0286,0,-0.1718,0.0404,-0.9843,0,0.5118,114.077,-2.1657,1]},
{"frame":136,"values":[0.9807,-0.0688,-0.1832,0,0.0745,0.9969,0.0247,0,-0.1809,0.0379,-0.9828,0,0.8091,114.7032,-1.978,1]},
{"frame":137,"values":[0.9803,-0.0693,-0.185,0,0.0742,0.997,0.0197,0,-0.1831,0.033,-0.9825,0,1.0797,115.12,-1.7496,1]},
{"frame":138,"values":[0.9815,-0.0686,-0.1788,0,0.0725,0.9972,0.0155,0,-0.1773,0.0282,-0.9838,0,1.3072,115.2817,-1.5125,1]},
{"frame":139,"values":[0.9836,-0.0691,-0.1668,0,0.0722,0.9973,0.0125,0,-0.1655,0.0243,-0.9859,0,1.5016,115.1644,-1.2722,1]},
{"frame":140,"values":[0.9859,-0.0702,-0.1517,0,0.0725,0.9973,0.0092,0,-0.1507,0.0201,-0.9884,0,1.6841,114.7526,-0.9977,1]},
{"frame":141,"values":[0.9884,-0.0688,-0.135,0,0.0701,0.9975,0.0048,0,-0.1344,0.0142,-0.9908,0,1.852,114.1116,-0.6765,1]},
{"frame":142,"values":[0.9911,-0.0621,-0.1175,0,0.0625,0.998,0,0,-0.1173,0.0073,-0.9931,0,1.9843,113.341,-0.2882,1]},
{"frame":143,"values":[0.9935,-0.0527,-0.1014,0,0.0526,0.9986,-0.0036,0,-0.1014,0.0017,-0.9948,0,2.0955,112.5927,0.1611,1]},
{"frame":144,"values":[0.9949,-0.0472,-0.0892,0,0.0469,0.9989,-0.0048,0,-0.0893,-0.0006,-0.996,0,2.1494,112.0262,0.4745,1]},
{"frame":145,"values":[0.9956,-0.0474,-0.0814,0,0.0473,0.9989,-0.0024,0,-0.0814,0.0015,-0.9967,0,2.0703,111.748,0.4356,1]},
{"frame":146,"values":[0.996,-0.0493,-0.0749,0,0.0497,0.9988,0.0033,0,-0.0746,0.007,-0.9972,0,1.8796,111.7749,0.172,1]},
{"frame":147,"values":[0.9967,-0.0487,-0.0644,0,0.0494,0.9987,0.0094,0,-0.0639,0.0125,-0.9979,0,1.6535,111.9842,-0.0498,1]},
{"frame":148,"values":[0.9978,-0.0456,-0.0483,0,0.0463,0.9988,0.0129,0,-0.0477,0.0151,-0.9987,0,1.4269,112.2488,-0.1924,1]},
{"frame":149,"values":[0.9987,-0.0416,-0.0303,0,0.042,0.999,0.014,0,-0.0297,0.0152,-0.9994,0,1.1927,112.5344,-0.3102,1]},
{"frame":150,"values":[0.9992,-0.0367,-0.0156,0,0.0369,0.9992,0.0145,0,-0.015,0.0151,-0.9998,0,0.9702,112.8352,-0.444,1]},
{"frame":151,"values":[0.9995,-0.0307,-0.006,0,0.0308,0.9994,0.0148,0,-0.0055,0.015,-0.9999,0,0.7716,113.1132,-0.5994,1]},
{"frame":152,"values":[0.9997,-0.0241,-0.0004,0,0.0241,0.9996,0.0142,0,-0.0001,0.0142,-0.9999,0,0.5892,113.3091,-0.7479,1]},
{"frame":153,"values":[0.9998,-0.0175,0.0034,0,0.0175,0.9998,0.013,0,0.0037,0.0129,-0.9999,0,0.4222,113.4024,-0.8803,1]},
{"frame":154,"values":[0.9999,-0.0112,0.0074,0,0.0112,0.9999,0.0119,0,0.0075,0.0118,-0.9999,0,0.2677,113.4007,-0.9858,1]},
{"frame":155,"values":[0.9999,-0.0068,0.0119,0,0.0067,0.9999,0.0108,0,0.012,0.0107,-0.9999,0,0.1227,113.2916,-1.0006,1]},
{"frame":156,"values":[0.9999,-0.0064,0.0155,0,0.0063,0.9999,0.0086,0,0.0155,0.0085,-0.9998,0,-0.0195,113.0588,-0.8791,1]},
{"frame":157,"values":[0.9998,-0.0092,0.0169,0,0.0091,0.9999,0.0058,0,0.017,0.0056,-0.9998,0,-0.1698,112.756,-0.6673,1]},
{"frame":158,"values":[0.9998,-0.011,0.0185,0,0.0109,0.9999,0.0052,0,0.0186,0.005,-0.9998,0,-0.2995,112.4729,-0.4067,1]},
{"frame":159,"values":[0.9996,-0.01,0.0254,0,0.0097,0.9999,0.0104,0,0.0255,0.0102,-0.9996,0,-0.3978,112.4927,-0.3598,1]},
{"frame":160,"values":[0.9992,-0.0066,0.0388,0,0.0058,0.9998,0.0205,0,0.0389,0.0203,-0.999,0,-0.4872,112.8498,-0.5688,1]},
{"frame":161,"values":[0.9986,-0.0024,0.0529,0,0.0009,0.9996,0.0286,0,0.0529,0.0285,-0.9982,0,-0.5401,113.2972,-0.7776,1]},
{"frame":162,"values":[0.9982,0.0011,0.0599,0,-0.0029,0.9996,0.0293,0,0.0598,0.0294,-0.9978,0,-0.553,113.5507,-0.8803,1]},
{"frame":163,"values":[0.9983,0.0029,0.058,0,-0.0043,0.9997,0.0237,0,0.0579,0.0239,-0.998,0,-0.556,113.545,-0.9464,1]},
{"frame":164,"values":[0.9986,0.0024,0.0523,0,-0.0033,0.9999,0.0163,0,0.0523,0.0164,-0.9985,0,-0.5837,113.4215,-0.9687,1]},
{"frame":165,"values":[0.9989,0.0012,0.0478,0,-0.0016,1,0.0096,0,0.0478,0.0097,-0.9988,0,-0.6453,113.2926,-0.9261,1]},
{"frame":166,"values":[0.999,0.0002,0.0446,0,-0.0004,1,0.005,0,0.0446,0.005,-0.999,0,-0.6994,113.2138,-0.8749,1]},
{"frame":167,"values":[0.9992,-0.0008,0.0392,0,0.0007,1,0.003,0,0.0392,0.003,-0.9992,0,-0.7379,113.1902,-0.8827,1]},
{"frame":168,"values":[0.9996,-0.0024,0.0297,0,0.0024,1,0.0029,0,0.0297,0.0028,-0.9996,0,-0.7572,113.2033,-0.9534,1]},
{"frame":169,"values":[0.9998,-0.005,0.0176,0,0.005,1,0.0028,0,0.0176,0.0027,-0.9998,0,-0.7677,113.2261,-1.0294,1]},
{"frame":170,"values":[0.9999,-0.008,0.006,0,0.008,1,0.0022,0,0.006,0.0022,-1,0,-0.7606,113.2376,-1.0628,1]},
{"frame":171,"values":[0.9999,-0.0108,-0.003,0,0.0108,0.9999,0.0023,0,-0.003,0.0024,-1,0,-0.7184,113.2368,-1.087,1]},
{"frame":172,"values":[0.9999,-0.0132,-0.0094,0,0.0133,0.9999,0.0039,0,-0.0094,0.004,-0.9999,0,-0.6453,113.2348,-1.112,1]},
{"frame":173,"values":[0.9998,-0.0153,-0.014,0,0.0154,0.9999,0.0063,0,-0.0139,0.0065,-0.9999,0,-0.5553,113.2418,-1.1209,1]},
{"frame":174,"values":[0.9997,-0.0172,-0.0171,0,0.0173,0.9998,0.0086,0,-0.0169,0.0088,-0.9998,0,-0.4408,113.2574,-1.1306,1]},
{"frame":175,"values":[0.9996,-0.0191,-0.0187,0,0.0193,0.9998,0.0105,0,-0.0185,0.0108,-0.9998,0,-0.3127,113.2823,-1.1566,1]},
{"frame":176,"values":[0.9996,-0.021,-0.0187,0,0.0213,0.9997,0.0121,0,-0.0185,0.0125,-0.9998,0,-0.2113,113.3147,-1.1356,1]},
{"frame":177,"values":[0.9996,-0.0224,-0.0178,0,0.0227,0.9997,0.0136,0,-0.0175,0.0139,-0.9997,0,-0.1084,113.3421,-1.1057,1]},
{"frame":178,"values":[0.9996,-0.0232,-0.0167,0,0.0234,0.9996,0.0148,0,-0.0163,0.0152,-0.9998,0,-0.0139,113.3561,-1.0705,1]},
{"frame":179,"values":[0.9996,-0.0239,-0.0157,0,0.0242,0.9996,0.016,0,-0.0153,0.0164,-0.9997,0,0.0441,113.3621,-1.0198,1]},
{"frame":191,"values":[0.9821,-0.0736,0.1736,0,0.0717,0.9973,0.0175,0,0.1744,0.0048,-0.9847,0,0.8074,111.3377,-0.9464,1]},
{"frame":192,"values":[0.9875,-0.0551,0.1474,0,0.0558,0.9984,-0.0006,0,0.1471,-0.0089,-0.9891,0,1.0847,111.6288,-0.8183,1]},
{"frame":193,"values":[0.9937,-0.0353,0.1064,0,0.0377,0.9991,-0.0203,0,0.1056,-0.0242,-0.9941,0,1.4285,111.2765,-0.7155,1]},
{"frame":194,"values":[0.9983,-0.0129,0.0575,0,0.0151,0.9992,-0.0369,0,0.057,-0.0377,-0.9977,0,1.8063,110.5693,-0.7572,1]},
{"frame":195,"values":[0.9999,0.0027,0.0101,0,-0.0022,0.999,-0.0444,0,0.0102,-0.0444,-0.999,0,2.1515,109.6991,-1.0412,1]},
{"frame":196,"values":[0.9996,0.0039,-0.029,0,-0.0052,0.9991,-0.0429,0,-0.0288,-0.043,-0.9987,0,2.4458,108.6779,-1.5825,1]},
{"frame":197,"values":[0.9981,0.0007,-0.0608,0,-0.0032,0.9991,-0.0414,0,-0.0607,-0.0415,-0.9973,0,2.8824,107.2345,-2.3572,1]},
{"frame":198,"values":[0.9968,0.0061,-0.0793,0,-0.0094,0.9991,-0.0413,0,-0.079,-0.0419,-0.996,0,3.2852,105.9962,-2.8113,1]},
{"frame":199,"values":[0.9965,0.026,-0.08,0,-0.0288,0.999,-0.0336,0,-0.0791,-0.0358,-0.9962,0,3.7266,106.1542,-3.1586,1]},
{"frame":200,"values":[0.9961,0.0415,-0.0776,0,-0.0431,0.9989,-0.0188,0,-0.0767,-0.022,-0.9968,0,4.1715,106.4845,-3.9147,1]},
{"frame":201,"values":[0.9953,0.0625,-0.0738,0,-0.0632,0.998,-0.0081,0,-0.0732,-0.0127,-0.9972,0,4.8025,106.9879,-4.531,1]},
{"frame":202,"values":[0.9947,0.0831,-0.0603,0,-0.0832,0.9965,0.0004,0,-0.0601,-0.0046,-0.9982,0,5.4927,107.9262,-4.839,1]},
{"frame":203,"values":[0.9934,0.1024,-0.051,0,-0.1022,0.9947,0.0062,0,-0.0514,0.0009,-0.9987,0,5.9944,108.8237,-4.5403,1]},
{"frame":204,"values":[0.9925,0.11,-0.0525,0,-0.1097,0.9939,0.0078,0,-0.053,0.0019,-0.9986,0,6.243,109.9083,-4.0769,1]},
{"frame":205,"values":[0.9927,0.1056,-0.0578,0,-0.1053,0.9944,0.0081,0,-0.0583,0.0019,-0.9983,0,6.204,110.9233,-3.5903,1]},
{"frame":206,"values":[0.9942,0.0965,-0.0471,0,-0.0967,0.9953,-0.001,0,-0.0468,-0.0055,-0.9989,0,6.0164,111.3701,-3.1353,1]},
{"frame":207,"values":[0.9966,0.0795,-0.021,0,-0.0798,0.9967,-0.0127,0,-0.0199,-0.0143,-0.9997,0,5.7104,111.5415,-2.9053,1]},
{"frame":208,"values":[0.9984,0.0541,0.0131,0,-0.0539,0.9983,-0.0202,0,0.0142,-0.0195,-0.9997,0,5.2243,111.4689,-2.8307,1]},
{"frame":209,"values":[0.9983,0.0348,0.0457,0,-0.0339,0.9992,-0.0207,0,0.0464,-0.0191,-0.9987,0,4.7837,110.9099,-2.9677,1]},
{"frame":210,"values":[0.9964,0.0289,0.0795,0,-0.0279,0.9995,-0.0145,0,0.0799,-0.0122,-0.9967,0,4.3424,109.7391,-3.4441,1]},
{"frame":211,"values":[0.993,0.0281,0.1147,0,-0.0268,0.9996,-0.0126,0,0.115,-0.0095,-0.9933,0,3.9507,107.7339,-3.6819,1]},
{"frame":212,"values":[0.9898,0.0227,0.1408,0,-0.022,0.9997,-0.0064,0,0.1409,-0.0032,-0.99,0,3.5721,106.4977,-3.8212,1]},
{"frame":213,"values":[0.9888,0.0096,0.149,0,-0.01,0.9999,0.0017,0,0.1489,0.0032,-0.9888,0,3.1678,106.2475,-3.9426,1]},
{"frame":214,"values":[0.9884,-0.0034,0.1518,0,0.0021,1,0.0087,0,0.1519,0.0083,-0.9884,0,2.6572,106.5609,-4.2127,1]},
{"frame":215,"values":[0.988,-0.0213,0.1527,0,0.0192,0.9997,0.0153,0,0.153,0.0122,-0.9882,0,2.0712,106.8645,-4.5819,1]},
{"frame":216,"values":[0.9883,-0.0404,0.1472,0,0.0384,0.9991,0.0164,0,0.1478,0.0105,-0.989,0,1.4699,107.2892,-4.5867,1]},
{"frame":217,"values":[0.9877,-0.0612,0.1441,0,0.0598,0.9981,0.0142,0,0.1447,0.0055,-0.9895,0,1.0155,107.9703,-3.9265,1]},
{"frame":218,"values":[0.9855,-0.0776,0.151,0,0.0766,0.997,0.0127,0,0.1516,0.001,-0.9884,0,0.7337,109.3398,-2.9888,1]},
{"frame":219,"values":[0.982,-0.0821,0.1699,0,0.0807,0.9966,0.0152,0,0.1706,0.0012,-0.9853,0,0.6668,110.585,-1.9347,1]},
{"frame":220,"values":[0.9821,-0.0736,0.1736,0,0.0717,0.9973,0.0175,0,0.1744,0.0048,-0.9847,0,0.8074,111.3377,-0.9464,1]}],"loopBehavior":1,"name":"anim","property":"_matrix"}},
{"name":"Spine","index":1,"matrix":[1,0,0,0,0,1,0,0,0,0,1,0,-0.0057,10.8958,-1.2787,1],"rest":[1,0,0,0,0,1,0,0,0,0,1,0,-0.0057,10.8958,-1.2787,1],"parentBoneIndex":0,"length":12.7989
,"animation":{"dataType":3,"framePerSecond":30,"keys":[
{"frame":1,"values":[1,0,0,0,0,1,0,0,0,0,1,0,-0.0057,10.8958,-1.2787,1]},
{"frame":2,"values":[1,0,0,0,0,1,0,0,0,0,1,0,-0.0057,10.8958,-1.2787,1]},
{"frame":11,"values":[0.9993,-0.0038,-0.0374,0,0.0079,0.9939,0.1096,0,0.0368,-0.1098,0.9933,0,-0.0057,10.8958,-1.2787,1]},
{"frame":12,"values":[0.9993,-0.0036,-0.0373,0,0.0076,0.994,0.1092,0,0.0367,-0.1094,0.9933,0,-0.0057,10.8958,-1.2787,1]},
{"frame":13,"values":[0.9993,-0.0034,-0.037,0,0.0074,0.9941,0.1087,0,0.0364,-0.1088,0.9934,0,-0.0057,10.8958,-1.2787,1]},
{"frame":14,"values":[0.9993,-0.003,-0.0365,0,0.0069,0.9941,0.108,0,0.0359,-0.1082,0.9935,0,-0.0057,10.8957,-1.2787,1]},
{"frame":15,"values":[0.9994,-0.0023,-0.0356,0,0.0062,0.9942,0.1073,0,0.0352,-0.1075,0.9936,0,-0.0057,10.8958,-1.2787,1]},
{"frame":16,"values":[0.9994,-0.0011,-0.0345,0,0.0048,0.9943,0.1064,0,0.0342,-0.1065,0.9937,0,-0.0057,10.8958,-1.2787,1]},
{"frame":17,"values":[0.9995,0.0007,-0.0331,0,0.0028,0.9944,0.1054,0,0.033,-0.1054,0.9939,0,-0.0057,10.8958,-1.2787,1]},
{"frame":18,"values":[0.9995,0.0031,-0.0312,0,0.0002,0.9945,0.1043,0,0.0313,-0.1043,0.9941,0,-0.0057,10.8958,-1.2787,1]},
{"frame":19,"values":[0.9996,0.0059,-0.0284,0,-0.0029,0.9947,0.1031,0,0.0289,-0.103,0.9943,0,-0.0057,10.8958,-1.2787,1]},
{"frame":20,"values":[0.9997,0.0087,-0.0249,0,-0.0061,0.9948,0.102,0,0.0257,-0.1018,0.9945,0,-0.0057,10.8958,-1.2787,1]},
{"frame":21,"values":[0.9997,0.0111,-0.0207,0,-0.0089,0.9949,0.1009,0,0.0217,-0.1006,0.9947,0,-0.0057,10.8958,-1.2787,1]},
{"frame":22,"values":[0.9998,0.0132,-0.0158,0,-0.0116,0.995,0.0992,0,0.017,-0.099,0.9949,0,-0.0057,10.8958,-1.2787,1]},
{"frame":23,"values":[0.9998,0.0153,-0.0103,0,-0.0142,0.9952,0.0967,0,0.0117,-0.0965,0.9953,0,-0.0057,10.8958,-1.2787,1]},
{"frame":24,"values":[0.9998,0.0172,-0.0044,0,-0.0167,0.9955,0.093,0,0.006,-0.0929,0.9957,0,-0.0057,10.8958,-1.2787,1]},
{"frame":25,"values":[0.9998,0.0181,0.0018,0,-0.0182,0.996,0.088,0,-0.0002,-0.088,0.9961,0,-0.0057,10.8958,-1.2787,1]},
{"frame":26,"values":[0.9998,0.0175,0.0081,0,-0.0181,0.9965,0.0818,0,-0.0066,-0.082,0.9966,0,-0.0057,10.8958,-1.2787,1]},
{"frame":27,"values":[0.9998,0.0144,0.0136,0,-0.0154,0.997,0.0754,0,-0.0125,-0.0756,0.9971,0,-0.0057,10.8958,-1.2787,1]},
{"frame":28,"values":[0.9998,0.0086,0.0168,0,-0.0098,0.9976,0.069,0,-0.0162,-0.0692,0.9975,0,-0.0057,10.8958,-1.2787,1]},
{"frame":29,"values":[0.9999,0.0004,0.0144,0,-0.0014,0.998,0.0628,0,-0.0144,-0.0629,0.9979,0,-0.0057,10.8958,-1.2786,1]},
{"frame":30,"values":[0.9999,-0.0099,0.0038,0,0.0096,0.9983,0.0581,0,-0.0044,-0.058,0.9983,0,-0.0057,10.8958,-1.2786,1]},
{"frame":31,"values":[0.9997,-0.0194,-0.0163,0,0.0203,0.9981,0.0574,0,0.0152,-0.0577,0.9982,0,-0.0057,10.8958,-1.2787,1]},
{"frame":32,"values":[0.9986,-0.0256,-0.0452,0,0.0284,0.9977,0.0618,0,0.0435,-0.063,0.9971,0,-0.0057,10.8958,-1.2787,1]},
{"frame":33,"values":[0.9968,-0.0286,-0.0744,0,0.0337,0.9971,0.0683,0,0.0723,-0.0706,0.9949,0,-0.0057,10.8958,-1.2786,1]},
{"frame":34,"values":[0.9953,-0.0297,-0.0924,0,0.0365,0.9966,0.0734,0,0.0899,-0.0764,0.993,0,-0.0057,10.8958,-1.2786,1]},
{"frame":35,"values":[0.995,-0.0296,-0.0953,0,0.0371,0.9963,0.0779,0,0.0926,-0.0811,0.9924,0,-0.0057,10.8958,-1.2787,1]},
{"frame":36,"values":[0.9955,-0.0295,-0.0902,0,0.0372,0.9957,0.0848,0,0.0873,-0.0878,0.9923,0,-0.0057,10.8957,-1.2786,1]},
{"frame":37,"values":[0.9959,-0.0311,-0.085,0,0.0389,0.9949,0.0927,0,0.0817,-0.0956,0.9921,0,-0.0057,10.8958,-1.2786,1]},
{"frame":38,"values":[0.9961,-0.0337,-0.0818,0,0.0418,0.9942,0.0995,0,0.078,-0.1025,0.9917,0,-0.0057,10.8958,-1.2786,1]},
{"frame":39,"values":[0.9961,-0.0362,-0.0802,0,0.0446,0.9935,0.1049,0,0.0759,-0.108,0.9912,0,-0.0057,10.8958,-1.2787,1]},
{"frame":40,"values":[0.9961,-0.0386,-0.0796,0,0.0472,0.9929,0.1095,0,0.0748,-0.1129,0.9908,0,-0.0057,10.8957,-1.2786,1]},
{"frame":41,"values":[0.996,-0.0407,-0.0791,0,0.0496,0.9923,0.1138,0,0.0739,-0.1173,0.9903,0,-0.0057,10.8958,-1.2787,1]},
{"frame":42,"values":[0.996,-0.0427,-0.0781,0,0.0517,0.9918,0.1169,0,0.0725,-0.1205,0.9901,0,-0.0057,10.8958,-1.2786,1]},
{"frame":43,"values":[0.9961,-0.0441,-0.0764,0,0.053,0.9915,0.1187,0,0.0705,-0.1222,0.99,0,-0.0057,10.8958,-1.2787,1]},
{"frame":44,"values":[0.9963,-0.0444,-0.0736,0,0.053,0.9914,0.1197,0,0.0677,-0.1231,0.9901,0,-0.0057,10.8958,-1.2787,1]},
{"frame":45,"values":[0.9966,-0.0443,-0.0699,0,0.0525,0.9914,0.1202,0,0.0639,-0.1234,0.9903,0,-0.0057,10.8958,-1.2787,1]},
{"frame":46,"values":[0.9968,-0.0443,-0.0658,0,0.052,0.9914,0.1204,0,0.0599,-0.1234,0.9905,0,-0.0057,10.8958,-1.2786,1]},
{"frame":47,"values":[0.9971,-0.044,-0.0626,0,0.0513,0.9914,0.1206,0,0.0567,-0.1234,0.9907,0,-0.0057,10.8958,-1.2787,1]},
{"frame":48,"values":[0.9972,-0.0435,-0.0605,0,0.0505,0.9914,0.1206,0,0.0548,-0.1233,0.9909,0,-0.0057,10.8958,-1.2787,1]},
{"frame":49,"values":[0.9973,-0.0426,-0.0591,0,0.0495,0.9915,0.1206,0,0.0535,-0.1232,0.9909,0,-0.0057,10.8957,-1.2786,1]},
{"frame":50,"values":[0.9975,-0.0407,-0.0573,0,0.0474,0.9916,0.1202,0,0.052,-0.1226,0.9911,0,-0.0057,10.8958,-1.2787,1]},
{"frame":51,"values":[0.9978,-0.0375,-0.0545,0,0.0437,0.992,0.1187,0,0.0496,-0.1208,0.9914,0,-0.0057,10.8958,-1.2786,1]},
{"frame":52,"values":[0.9981,-0.0335,-0.0514,0,0.0393,0.9924,0.1166,0,0.0471,-0.1184,0.9919,0,-0.0057,10.8958,-1.2787,1]},
{"frame":53,"values":[0.9984,-0.0299,-0.0489,0,0.0354,0.9928,0.1146,0,0.0451,-0.1162,0.9922,0,-0.0057,10.8958,-1.2787,1]},
{"frame":54,"values":[0.9985,-0.0268,-0.0467,0,0.032,0.9931,0.113,0,0.0433,-0.1144,0.9925,0,-0.0057,10.8958,-1.2787,1]},
{"frame":55,"values":[0.9987,-0.0237,-0.0443,0,0.0286,0.9933,0.1117,0,0.0413,-0.1128,0.9928,0,-0.0057,10.8958,-1.2787,1]},
{"frame":56,"values":[0.9989,-0.021,-0.0422,0,0.0255,0.9935,0.1107,0,0.0396,-0.1117,0.993,0,-0.0057,10.8958,-1.2786,1]},
{"frame":57,"values":[0.999,-0.0187,-0.0408,0,0.0231,0.9937,0.1101,0,0.0385,-0.1109,0.9931,0,-0.0057,10.8958,-1.2786,1]},
{"frame":58,"values":[0.9991,-0.0168,-0.0399,0,0.0211,0.9937,0.1099,0,0.0378,-0.1106,0.9931,0,-0.0057,10.8958,-1.2786,1]},
{"frame":59,"values":[0.9991,-0.0153,-0.0392,0,0.0195,0.9938,0.1099,0,0.0373,-0.1106,0.9932,0,-0.0057,10.8958,-1.2787,1]},
{"frame":60,"values":[0.9992,-0.0138,-0.0385,0,0.0179,0.9938,0.1098,0,0.0368,-0.1104,0.9932,0,-0.0057,10.8958,-1.2786,1]},
{"frame":61,"values":[0.9992,-0.0121,-0.0379,0,0.0162,0.9938,0.1098,0,0.0364,-0.1103,0.9932,0,-0.0057,10.8957,-1.2786,1]},
{"frame":62,"values":[0.9992,-0.0104,-0.0375,0,0.0145,0.9938,0.1098,0,0.0361,-0.1103,0.9932,0,-0.0057,10.8958,-1.2787,1]},
{"frame":63,"values":[0.9993,-0.009,-0.0371,0,0.0131,0.9939,0.11,0,0.0359,-0.1104,0.9932,0,-0.0057,10.8958,-1.2787,1]},
{"frame":64,"values":[0.9993,-0.008,-0.037,0,0.012,0.9939,0.11,0,0.0359,-0.1104,0.9932,0,-0.0057,10.8957,-1.2786,1]},
{"frame":65,"values":[0.9993,-0.0073,-0.0371,0,0.0113,0.9939,0.11,0,0.036,-0.1104,0.9932,0,-0.0057,10.8958,-1.2787,1]},
{"frame":66,"values":[0.9993,-0.0068,-0.0371,0,0.0109,0.9939,0.11,0,0.0361,-0.1103,0.9932,0,-0.0057,10.8958,-1.2787,1]},
{"frame":81,"values":[1,0,0,0,0,1,0,0,0,0,1,0,-0.0057,10.8958,-1.2787,1]},
{"frame":82,"values":[1,0,0,0,0,1,0,0,0,0,1,0,-0.0057,10.8958,-1.2787,1]},
{"frame":91,"values":[0.9996,-0.029,0.0036,0,0.0289,0.9994,0.0187,0,-0.0041,-0.0186,0.9998,0,-0.0057,10.8958,-1.2787,1]},
{"frame":92,"values":[0.9996,-0.0265,0.0065,0,0.0264,0.9995,0.0164,0,-0.0069,-0.0162,0.9998,0,-0.0057,10.8958,-1.2786,1]},
{"frame":93,"values":[0.9996,-0.0255,0.0097,0,0.0253,0.9995,0.0168,0,-0.0101,-0.0165,0.9998,0,-0.0057,10.8958,-1.2787,1]},
{"frame":94,"values":[0.9996,-0.0255,0.0149,0,0.0252,0.9995,0.0206,0,-0.0154,-0.0202,0.9997,0,-0.0057,10.8958,-1.2787,1]},
{"frame":95,"values":[0.9994,-0.0256,0.0228,0,0.0249,0.9993,0.0273,0,-0.0235,-0.0267,0.9994,0,-0.0057,10.8958,-1.2787,1]},
{"frame":96,"values":[0.9992,-0.0247,0.0316,0,0.0236,0.9991,0.0349,0,-0.0324,-0.0341,0.9989,0,-0.0057,10.8957,-1.2786,1]},
{"frame":97,"values":[0.999,-0.0244,0.0371,0,0.0228,0.9989,0.0413,0,-0.038,-0.0404,0.9985,0,-0.0057,10.8958,-1.2787,1]},
{"frame":98,"values":[0.999,-0.026,0.0368,0,0.0243,0.9987,0.0458,0,-0.038,-0.0449,0.9983,0,-0.0057,10.8958,-1.2787,1]},
{"frame":99,"values":[0.999,-0.0296,0.0324,0,0.028,0.9984,0.0488,0,-0.0338,-0.0479,0.9983,0,-0.0057,10.8958,-1.2787,1]},
{"frame":100,"values":[0.9991,-0.0334,0.0276,0,0.032,0.9982,0.051,0,-0.0293,-0.05,0.9983,0,-0.0057,10.8958,-1.2787,1]},
{"frame":101,"values":[0.9991,-0.0351,0.0248,0,0.0337,0.9981,0.0523,0,-0.0266,-0.0514,0.9983,0,-0.0057,10.8958,-1.2787,1]},
{"frame":102,"values":[0.9992,-0.0333,0.0233,0,0.0321,0.9981,0.0517,0,-0.025,-0.0509,0.9984,0,-0.0057,10.8958,-1.2786,1]},
{"frame":103,"values":[0.9994,-0.0296,0.0202,0,0.0287,0.9985,0.0472,0,-0.0216,-0.0466,0.9987,0,-0.0057,10.8958,-1.2787,1]},
{"frame":104,"values":[0.9995,-0.028,0.0123,0,0.0275,0.9989,0.0385,0,-0.0133,-0.0381,0.9992,0,-0.0057,10.8958,-1.2787,1]},
{"frame":105,"values":[0.9995,-0.0327,-0.0016,0,0.0327,0.9991,0.0275,0,0.0007,-0.0275,0.9996,0,-0.0057,10.8958,-1.2787,1]},
{"frame":106,"values":[0.9989,-0.043,-0.0187,0,0.0433,0.9989,0.0185,0,0.0179,-0.0193,0.9997,0,-0.0057,10.8958,-1.2787,1]},
{"frame":107,"values":[0.998,-0.0531,-0.0341,0,0.0537,0.9984,0.0155,0,0.0332,-0.0173,0.9993,0,-0.0057,10.8958,-1.2787,1]},
{"frame":108,"values":[0.9974,-0.0566,-0.0448,0,0.0575,0.9981,0.0199,0,0.0436,-0.0224,0.9988,0,-0.0057,10.8957,-1.2787,1]},
{"frame":109,"values":[0.9972,-0.0531,-0.0526,0,0.0548,0.998,0.0299,0,0.0509,-0.0327,0.9982,0,-0.0057,10.8958,-1.2786,1]},
{"frame":110,"values":[0.9969,-0.049,-0.0612,0,0.0516,0.9978,0.0419,0,0.059,-0.0449,0.9972,0,-0.0057,10.8957,-1.2787,1]},
{"frame":111,"values":[0.9966,-0.044,-0.0699,0,0.0478,0.9975,0.0522,0,0.0674,-0.0554,0.9962,0,-0.0057,10.8958,-1.2786,1]},
{"frame":112,"values":[0.9964,-0.0395,-0.0754,0,0.044,0.9973,0.0591,0,0.0728,-0.0622,0.9954,0,-0.0057,10.8957,-1.2787,1]},
{"frame":113,"values":[0.9964,-0.0365,-0.0761,0,0.0412,0.9972,0.0623,0,0.0736,-0.0652,0.9952,0,-0.0057,10.8958,-1.2787,1]},
{"frame":114,"values":[0.9966,-0.0355,-0.0741,0,0.0401,0.9973,0.062,0,0.0717,-0.0648,0.9953,0,-0.0057,10.8957,-1.2787,1]},
{"frame":115,"values":[0.9967,-0.037,-0.0722,0,0.0413,0.9974,0.0587,0,0.0698,-0.0615,0.9957,0,-0.0057,10.8958,-1.2787,1]},
{"frame":116,"values":[0.9967,-0.0395,-0.0705,0,0.0433,0.9976,0.0536,0,0.0682,-0.0565,0.9961,0,-0.0057,10.8958,-1.2787,1]},
{"frame":117,"values":[0.9969,-0.0393,-0.0676,0,0.0427,0.9979,0.0489,0,0.0656,-0.0517,0.9965,0,-0.0057,10.8958,-1.2787,1]},
{"frame":118,"values":[0.9973,-0.0357,-0.0638,0,0.0388,0.9981,0.0474,0,0.062,-0.0498,0.9968,0,-0.0057,10.8958,-1.2787,1]},
{"frame":119,"values":[0.9977,-0.0297,-0.0604,0,0.0327,0.9982,0.0503,0,0.0588,-0.0522,0.9969,0,-0.0057,10.8958,-1.2787,1]},
{"frame":120,"values":[0.998,-0.0236,-0.0581,0,0.0268,0.9981,0.0561,0,0.0566,-0.0576,0.9967,0,-0.0057,10.8958,-1.2786,1]},
{"frame":121,"values":[0.9982,-0.0215,-0.0553,0,0.0249,0.9978,0.0619,0,0.0538,-0.0632,0.9965,0,-0.0057,10.8958,-1.2787,1]},
{"frame":122,"values":[0.9985,-0.0251,-0.0493,0,0.0283,0.9975,0.0653,0,0.0475,-0.0666,0.9966,0,-0.0057,10.8958,-1.2787,1]},
{"frame":123,"values":[0.9987,-0.0322,-0.039,0,0.0347,0.9972,0.0656,0,0.0368,-0.0669,0.9971,0,-0.0057,10.8958,-1.2787,1]},
{"frame":124,"values":[0.9989,-0.0382,-0.0264,0,0.0398,0.9972,0.0637,0,0.0239,-0.0647,0.9976,0,-0.0057,10.8958,-1.2787,1]},
{"frame":125,"values":[0.999,-0.0408,-0.0159,0,0.0417,0.9973,0.0611,0,0.0134,-0.0617,0.998,0,-0.0057,10.8958,-1.2786,1]},
{"frame":126,"values":[0.9991,-0.0405,-0.0093,0,0.0409,0.9975,0.0584,0,0.007,-0.0588,0.9982,0,-0.0057,10.8958,-1.2787,1]},
{"frame":127,"values":[0.9992,-0.0385,-0.0053,0,0.0387,0.9977,0.0547,0,0.0032,-0.0549,0.9985,0,-0.0057,10.8958,-1.2787,1]},
{"frame":128,"values":[0.9993,-0.0374,-0.0016,0,0.0375,0.9981,0.0484,0,-0.0002,-0.0484,0.9988,0,-0.0057,10.8957,-1.2786,1]},
{"frame":129,"values":[0.9993,-0.0386,0.0026,0,0.0385,0.9985,0.0388,0,-0.0041,-0.0387,0.9992,0,-0.0057,10.8958,-1.2787,1]},
{"frame":130,"values":[0.9991,-0.0408,0.007,0,0.0406,0.9988,0.0279,0,-0.0081,-0.0276,0.9996,0,-0.0057,10.8958,-1.2787,1]},
{"frame":131,"values":[0.999,-0.0443,0.0116,0,0.0441,0.9989,0.0186,0,-0.0124,-0.0181,0.9998,0,-0.0057,10.8958,-1.2787,1]},
{"frame":132,"values":[0.9987,-0.0477,0.0169,0,0.0474,0.9988,0.0136,0,-0.0176,-0.0127,0.9998,0,-0.0057,10.8957,-1.2787,1]},
{"frame":133,"values":[0.9986,-0.0476,0.0226,0,0.0474,0.9988,0.0132,0,-0.0232,-0.0121,0.9997,0,-0.0057,10.8958,-1.2787,1]},
{"frame":134,"values":[0.9987,-0.0439,0.0274,0,0.0434,0.9989,0.0165,0,-0.028,-0.0153,0.9995,0,-0.0057,10.8958,-1.2787,1]},
{"frame":135,"values":[0.9987,-0.0394,0.0308,0,0.0388,0.999,0.0218,0,-0.0316,-0.0205,0.9993,0,-0.0057,10.8958,-1.2787,1]},
{"frame":136,"values":[0.9987,-0.0381,0.0338,0,0.0372,0.9989,0.0272,0,-0.0348,-0.0259,0.9991,0,-0.0057,10.8957,-1.2787,1]},
{"frame":137,"values":[0.9985,-0.0408,0.0369,0,0.0396,0.9987,0.0316,0,-0.0382,-0.0301,0.9988,0,-0.0057,10.8958,-1.2787,1]},
{"frame":138,"values":[0.9982,-0.0446,0.0401,0,0.0432,0.9985,0.0345,0,-0.0415,-0.0327,0.9986,0,-0.0057,10.8958,-1.2787,1]},
{"frame":139,"values":[0.998,-0.0466,0.0421,0,0.0451,0.9983,0.0356,0,-0.0437,-0.0337,0.9985,0,-0.0057,10.8958,-1.2787,1]},
{"frame":140,"values":[0.998,-0.0478,0.0422,0,0.0463,0.9983,0.0353,0,-0.0438,-0.0332,0.9985,0,-0.0057,10.8958,-1.2787,1]},
{"frame":141,"values":[0.9979,-0.0513,0.0389,0,0.0499,0.9982,0.0341,0,-0.0405,-0.0321,0.9987,0,-0.0057,10.8958,-1.2787,1]},
{"frame":142,"values":[0.9978,-0.0584,0.0302,0,0.0574,0.9978,0.0329,0,-0.032,-0.0311,0.999,0,-0.0057,10.8958,-1.2787,1]},
{"frame":143,"values":[0.9977,-0.0653,0.0153,0,0.0648,0.9974,0.0315,0,-0.0173,-0.0305,0.9994,0,-0.0057,10.8958,-1.2787,1]},
{"frame":144,"values":[0.9977,-0.0674,-0.0033,0,0.0675,0.9973,0.0294,0,0.0013,-0.0296,0.9996,0,-0.0057,10.8958,-1.2787,1]},
{"frame":145,"values":[0.9977,-0.0645,-0.0194,0,0.0651,0.9975,0.0274,0,0.0176,-0.0286,0.9994,0,-0.0057,10.8958,-1.2787,1]},
{"frame":146,"values":[0.9978,-0.0594,-0.0278,0,0.0602,0.9978,0.0281,0,0.0261,-0.0298,0.9992,0,-0.0057,10.8958,-1.2787,1]},
{"frame":147,"values":[0.9981,-0.0554,-0.0278,0,0.0563,0.9979,0.033,0,0.026,-0.0345,0.9991,0,-0.0057,10.8958,-1.2787,1]},
{"frame":148,"values":[0.9983,-0.0529,-0.0235,0,0.0538,0.9977,0.0402,0,0.0213,-0.0414,0.9989,0,-0.0057,10.8958,-1.2787,1]},
{"frame":149,"values":[0.9985,-0.051,-0.0191,0,0.0518,0.9976,0.0464,0,0.0166,-0.0473,0.9987,0,-0.0057,10.8958,-1.2787,1]},
{"frame":150,"values":[0.9987,-0.0489,-0.0168,0,0.0497,0.9975,0.0494,0,0.0143,-0.0501,0.9986,0,-0.0057,10.8958,-1.2787,1]},
{"frame":151,"values":[0.9987,-0.0471,-0.0168,0,0.0479,0.9977,0.0489,0,0.0144,-0.0496,0.9987,0,-0.0057,10.8958,-1.2787,1]},
{"frame":152,"values":[0.9988,-0.0462,-0.0184,0,0.047,0.9978,0.046,0,0.0163,-0.0468,0.9988,0,-0.0057,10.8957,-1.2787,1]},
{"frame":153,"values":[0.9987,-0.0458,-0.0212,0,0.0466,0.998,0.0419,0,0.0193,-0.0428,0.9989,0,-0.0057,10.8958,-1.2787,1]},
{"frame":154,"values":[0.9987,-0.0448,-0.0246,0,0.0457,0.9982,0.0379,0,0.0229,-0.039,0.999,0,-0.0057,10.8958,-1.2787,1]},
{"frame":155,"values":[0.9987,-0.0417,-0.0282,0,0.0427,0.9985,0.035,0,0.0267,-0.0362,0.999,0,-0.0057,10.8958,-1.2787,1]},
{"frame":156,"values":[0.9989,-0.0356,-0.0311,0,0.0366,0.9988,0.0337,0,0.0299,-0.0348,0.9989,0,-0.0057,10.8958,-1.2787,1]},
{"frame":157,"values":[0.9991,-0.0282,-0.0317,0,0.0293,0.999,0.0338,0,0.0307,-0.0347,0.9989,0,-0.0057,10.8958,-1.2787,1]},
{"frame":158,"values":[0.9993,-0.023,-0.0285,0,0.024,0.9991,0.0354,0,0.0277,-0.0361,0.999,0,-0.0057,10.8958,-1.2787,1]},
{"frame":159,"values":[0.9995,-0.021,-0.0221,0,0.0218,0.999,0.0384,0,0.0213,-0.0389,0.999,0,-0.0057,10.8958,-1.2787,1]},
{"frame":160,"values":[0.9996,-0.0221,-0.0152,0,0.0227,0.9988,0.0424,0,0.0142,-0.0428,0.999,0,-0.0057,10.8958,-1.2787,1]},
{"frame":161,"values":[0.9996,-0.0242,-0.0108,0,0.0247,0.9986,0.0461,0,0.0097,-0.0464,0.9989,0,-0.0057,10.8958,-1.2787,1]},
{"frame":162,"values":[0.9996,-0.0253,-0.0101,0,0.0258,0.9985,0.0479,0,0.0088,-0.0482,0.9988,0,-0.0057,10.8958,-1.2787,1]},
{"frame":163,"values":[0.9996,-0.0245,-0.0116,0,0.0251,0.9986,0.0474,0,0.0104,-0.0476,0.9988,0,-0.0057,10.8958,-1.2787,1]},
{"frame":164,"values":[0.9997,-0.0225,-0.0129,0,0.023,0.9987,0.0448,0,0.0119,-0.0451,0.9989,0,-0.0057,10.8958,-1.2787,1]},
